9 9
1 45 9 1 1 1 2 [2] 1 3 2 1 [8] 2 2 2 3 3 1 3 2 [3] 3 3
1 45 9 1 4 [5] 1 5 1 6 [1] 2 4 [2] 2 5 2 6 [3] 3 4 3 5 [6] 3 6
1 45 9 1 7 1 8 [9] 1 9 2 7 2 8 2 9 [6] 3 7 3 8 [7] 3 9
1 45 9 4 7 [6] 4 8 4 9 5 7 5 8 [1] 5 9 [9] 6 7 [7] 6 8 6 9
1 45 9 4 4 4 5 4 6 5 4 5 5 5 6 6 4 6 5 6 6
1 45 9 4 1 4 2 4 3 [1] 5 1 [5] 5 2 [4] 5 3 6 1 6 2 6 3 [2]
1 45 9 7 4 7 5 [3] 7 6 8 4 [8] 8 5 8 6 [4] 9 4 [9] 9 5 9 6 [7]
1 45 9 7 7 7 8 [8] 7 9 8 7 8 8 8 9 [7] 9 7 9 8 [6] 9 9
1 45 9 7 1 7 2 [9] 7 3 8 1 [2] 8 2 8 3 9 1 9 2 [1] 9 3
0 0 0 0 0 0 0 0 0 0 0 0 0 0 0 0 0 0 0 0 0 0 0 0 0 0 0 0 0 0 0 0 0 0 0 0 0 0 0 0 0 0 0 0 0 0 0 0 0 0 0 0 0 0 0 0 0 0 0 0 0 0 0 0 0 0 0 0 0 0 0 0 0 0 0 0 0 0 0 0 0